621022199001015237
621022199001025237
621022199001035237
621022199001045237
621022199001055237
621022199001065237
621022199001075237
621022199001085237
621022199001095237
621022199002015237
621022199002025237
621022199002035237
621022199002045237
621022199002055237
621022199002065237
621022199002075237
621022199002085237
621022199002095237
621022199003015237
621022199003025237
621022199003035237
621022199003045237
621022199003055237
621022199003065237
621022199003075237
621022199003085237
621022199003095237
621022199004015237
621022199004025237
621022199004035237
621022199004045237
621022199004055237
621022199004065237
621022199004075237
621022199004085237
621022199004095237
621022199005015237
621022199005025237
621022199005035237
621022199005045237
621022199005055237
621022199005065237
621022199005075237
621022199005085237
621022199005095237
621022199006015237
621022199006025237
621022199006035237
621022199006045237
621022199006055237
621022199006065237
621022199006075237
621022199006085237
621022199006095237
621022199007015237
621022199007025237
621022199007035237
621022199007045237
621022199007055237
621022199007065237
621022199007075237
621022199007085237
621022199007095237
621022199008015237
621022199008025237
621022199008035237
621022199008045237
621022199008055237
621022199008065237
621022199008075237
621022199008085237
621022199008095237
621022199009015237
621022199009025237
621022199009035237
621022199009045237
621022199009055237
621022199009065237
621022199009075237
621022199009085237
621022199009095237
621022199101015237
621022199101025237
621022199101035237
621022199101045237
621022199101055237
621022199101065237
621022199101075237
621022199101085237
621022199101095237
621022199102015237
621022199102025237
621022199102035237
621022199102045237
621022199102055237
621022199102065237
621022199102075237
621022199102085237
621022199102095237
621022199103015237
621022199103025237
621022199103035237
621022199103045237
621022199103055237
621022199103065237
621022199103075237
621022199103085237
621022199103095237
621022199104015237
621022199104025237
621022199104035237
621022199104045237
621022199104055237
621022199104065237
621022199104075237
621022199104085237
621022199104095237
621022199105015237
621022199105025237
621022199105035237
621022199105045237
621022199105055237
621022199105065237
621022199105075237
621022199105085237
621022199105095237
621022199106015237
621022199106025237
621022199106035237
621022199106045237
621022199106055237
621022199106065237
621022199106075237
621022199106085237
621022199106095237
621022199107015237
621022199107025237
621022199107035237
621022199107045237
621022199107055237
621022199107065237
621022199107075237
621022199107085237
621022199107095237
621022199108015237
621022199108025237
621022199108035237
621022199108045237
621022199108055237
621022199108065237
621022199108075237
621022199108085237
621022199108095237
621022199109015237
621022199109025237
621022199109035237
621022199109045237
621022199109055237
621022199109065237
621022199109075237
621022199109085237
621022199109095237
621022199201015237
621022199201025237
621022199201035237
621022199201045237
621022199201055237
621022199201065237
621022199201075237
621022199201085237
621022199201095237
621022199202015237
621022199202025237
621022199202035237
621022199202045237
621022199202055237
621022199202065237
621022199202075237
621022199202085237
621022199202095237
621022199203015237
621022199203025237
621022199203035237
621022199203045237
621022199203055237
621022199203065237
621022199203075237
621022199203085237
621022199203095237
621022199204015237
621022199204025237
621022199204035237
621022199204045237
621022199204055237
621022199204065237
621022199204075237
621022199204085237
621022199204095237
621022199205015237
621022199205025237
621022199205035237
621022199205045237
621022199205055237
621022199205065237
621022199205075237
621022199205085237
621022199205095237
621022199206015237
621022199206025237
621022199206035237
621022199206045237
621022199206055237
621022199206065237
621022199206075237
621022199206085237
621022199206095237
621022199207015237
621022199207025237
621022199207035237
621022199207045237
621022199207055237
621022199207065237
621022199207075237
621022199207085237
621022199207095237
621022199208015237
621022199208025237
621022199208035237
621022199208045237
621022199208055237
621022199208065237
621022199208075237
621022199208085237
621022199208095237
621022199209015237
621022199209025237
621022199209035237
621022199209045237
621022199209055237
621022199209065237
621022199209075237
621022199209085237
621022199209095237
621022199001105237
621022199001115237
621022199001125237
621022199001135237
621022199001145237
621022199001155237
621022199001165237
621022199001175237
621022199001185237
621022199001195237
621022199001205237
621022199001215237
621022199001225237
621022199001235237
621022199001245237
621022199001255237
621022199001265237
621022199001275237
621022199001285237
621022199001295237
621022199001305237
621022199001315237
621022199002105237
621022199002115237
621022199002125237
621022199002135237
621022199002145237
621022199002155237
621022199002165237
621022199002175237
621022199002185237
621022199002195237
621022199002205237
621022199002215237
621022199002225237
621022199002235237
621022199002245237
621022199002255237
621022199002265237
621022199002275237
621022199002285237
621022199002295237
621022199002305237
621022199002315237
621022199003105237
621022199003115237
621022199003125237
621022199003135237
621022199003145237
621022199003155237
621022199003165237
621022199003175237
621022199003185237
621022199003195237
621022199003205237
621022199003215237
621022199003225237
621022199003235237
621022199003245237
621022199003255237
621022199003265237
621022199003275237
621022199003285237
621022199003295237
621022199003305237
621022199003315237
621022199004105237
621022199004115237
621022199004125237
621022199004135237
621022199004145237
621022199004155237
621022199004165237
621022199004175237
621022199004185237
621022199004195237
621022199004205237
621022199004215237
621022199004225237
621022199004235237
621022199004245237
621022199004255237
621022199004265237
621022199004275237
621022199004285237
621022199004295237
621022199004305237
621022199004315237
621022199005105237
621022199005115237
621022199005125237
621022199005135237
621022199005145237
621022199005155237
621022199005165237
621022199005175237
621022199005185237
621022199005195237
621022199005205237
621022199005215237
621022199005225237
621022199005235237
621022199005245237
621022199005255237
621022199005265237
621022199005275237
621022199005285237
621022199005295237
621022199005305237
621022199005315237
621022199006105237
621022199006115237
621022199006125237
621022199006135237
621022199006145237
621022199006155237
621022199006165237
621022199006175237
621022199006185237
621022199006195237
621022199006205237
621022199006215237
621022199006225237
621022199006235237
621022199006245237
621022199006255237
621022199006265237
621022199006275237
621022199006285237
621022199006295237
621022199006305237
621022199006315237
621022199007105237
621022199007115237
621022199007125237
621022199007135237
621022199007145237
621022199007155237
621022199007165237
621022199007175237
621022199007185237
621022199007195237
621022199007205237
621022199007215237
621022199007225237
621022199007235237
621022199007245237
621022199007255237
621022199007265237
621022199007275237
621022199007285237
621022199007295237
621022199007305237
621022199007315237
621022199008105237
621022199008115237
621022199008125237
621022199008135237
621022199008145237
621022199008155237
621022199008165237
621022199008175237
621022199008185237
621022199008195237
621022199008205237
621022199008215237
621022199008225237
621022199008235237
621022199008245237
621022199008255237
621022199008265237
621022199008275237
621022199008285237
621022199008295237
621022199008305237
621022199008315237
621022199009105237
621022199009115237
621022199009125237
621022199009135237
621022199009145237
621022199009155237
621022199009165237
621022199009175237
621022199009185237
621022199009195237
621022199009205237
621022199009215237
621022199009225237
621022199009235237
621022199009245237
621022199009255237
621022199009265237
621022199009275237
621022199009285237
621022199009295237
621022199009305237
621022199009315237
621022199101105237
621022199101115237
621022199101125237
621022199101135237
621022199101145237
621022199101155237
621022199101165237
621022199101175237
621022199101185237
621022199101195237
621022199101205237
621022199101215237
621022199101225237
621022199101235237
621022199101245237
621022199101255237
621022199101265237
621022199101275237
621022199101285237
621022199101295237
621022199101305237
621022199101315237
621022199102105237
621022199102115237
621022199102125237
621022199102135237
621022199102145237
621022199102155237
621022199102165237
621022199102175237
621022199102185237
621022199102195237
621022199102205237
621022199102215237
621022199102225237
621022199102235237
621022199102245237
621022199102255237
621022199102265237
621022199102275237
621022199102285237
621022199102295237
621022199102305237
621022199102315237
621022199103105237
621022199103115237
621022199103125237
621022199103135237
621022199103145237
621022199103155237
621022199103165237
621022199103175237
621022199103185237
621022199103195237
621022199103205237
621022199103215237
621022199103225237
621022199103235237
621022199103245237
621022199103255237
621022199103265237
621022199103275237
621022199103285237
621022199103295237
621022199103305237
621022199103315237
621022199104105237
621022199104115237
621022199104125237
621022199104135237
621022199104145237
621022199104155237
621022199104165237
621022199104175237
621022199104185237
621022199104195237
621022199104205237
621022199104215237
621022199104225237
621022199104235237
621022199104245237
621022199104255237
621022199104265237
621022199104275237
621022199104285237
621022199104295237
621022199104305237
621022199104315237
621022199105105237
621022199105115237
621022199105125237
621022199105135237
621022199105145237
621022199105155237
621022199105165237
621022199105175237
621022199105185237
621022199105195237
621022199105205237
621022199105215237
621022199105225237
621022199105235237
621022199105245237
621022199105255237
621022199105265237
621022199105275237
621022199105285237
621022199105295237
621022199105305237
621022199105315237
621022199106105237
621022199106115237
621022199106125237
621022199106135237
621022199106145237
621022199106155237
621022199106165237
621022199106175237
621022199106185237
621022199106195237
621022199106205237
621022199106215237
621022199106225237
621022199106235237
621022199106245237
621022199106255237
621022199106265237
621022199106275237
621022199106285237
621022199106295237
621022199106305237
621022199106315237
621022199107105237
621022199107115237
621022199107125237
621022199107135237
621022199107145237
621022199107155237
621022199107165237
621022199107175237
621022199107185237
621022199107195237
621022199107205237
621022199107215237
621022199107225237
621022199107235237
621022199107245237
621022199107255237
621022199107265237
621022199107275237
621022199107285237
621022199107295237
621022199107305237
621022199107315237
621022199108105237
621022199108115237
621022199108125237
621022199108135237
621022199108145237
621022199108155237
621022199108165237
621022199108175237
621022199108185237
621022199108195237
621022199108205237
621022199108215237
621022199108225237
621022199108235237
621022199108245237
621022199108255237
621022199108265237
621022199108275237
621022199108285237
621022199108295237
621022199108305237
621022199108315237
621022199109105237
621022199109115237
621022199109125237
621022199109135237
621022199109145237
621022199109155237
621022199109165237
621022199109175237
621022199109185237
621022199109195237
621022199109205237
621022199109215237
621022199109225237
621022199109235237
621022199109245237
621022199109255237
621022199109265237
621022199109275237
621022199109285237
621022199109295237
621022199109305237
621022199109315237
621022199201105237
621022199201115237
621022199201125237
621022199201135237
621022199201145237
621022199201155237
621022199201165237
621022199201175237
621022199201185237
621022199201195237
621022199201205237
621022199201215237
621022199201225237
621022199201235237
621022199201245237
621022199201255237
621022199201265237
621022199201275237
621022199201285237
621022199201295237
621022199201305237
621022199201315237
621022199202105237
621022199202115237
621022199202125237
621022199202135237
621022199202145237
621022199202155237
621022199202165237
621022199202175237
621022199202185237
621022199202195237
621022199202205237
621022199202215237
621022199202225237
621022199202235237
621022199202245237
621022199202255237
621022199202265237
621022199202275237
621022199202285237
621022199202295237
621022199202305237
621022199202315237
621022199203105237
621022199203115237
621022199203125237
621022199203135237
621022199203145237
621022199203155237
621022199203165237
621022199203175237
621022199203185237
621022199203195237
621022199203205237
621022199203215237
621022199203225237
621022199203235237
621022199203245237
621022199203255237
621022199203265237
621022199203275237
621022199203285237
621022199203295237
621022199203305237
621022199203315237
621022199204105237
621022199204115237
621022199204125237
621022199204135237
621022199204145237
621022199204155237
621022199204165237
621022199204175237
621022199204185237
621022199204195237
621022199204205237
621022199204215237
621022199204225237
621022199204235237
621022199204245237
621022199204255237
621022199204265237
621022199204275237
621022199204285237
621022199204295237
621022199204305237
621022199204315237
621022199205105237
621022199205115237
621022199205125237
621022199205135237
621022199205145237
621022199205155237
621022199205165237
621022199205175237
621022199205185237
621022199205195237
621022199205205237
621022199205215237
621022199205225237
621022199205235237
621022199205245237
621022199205255237
621022199205265237
621022199205275237
621022199205285237
621022199205295237
621022199205305237
621022199205315237
621022199206105237
621022199206115237
621022199206125237
621022199206135237
621022199206145237
621022199206155237
621022199206165237
621022199206175237
621022199206185237
621022199206195237
621022199206205237
621022199206215237
621022199206225237
621022199206235237
621022199206245237
621022199206255237
621022199206265237
621022199206275237
621022199206285237
621022199206295237
621022199206305237
621022199206315237
621022199207105237
621022199207115237
621022199207125237
621022199207135237
621022199207145237
621022199207155237
621022199207165237
621022199207175237
621022199207185237
621022199207195237
621022199207205237
621022199207215237
621022199207225237
621022199207235237
621022199207245237
621022199207255237
621022199207265237
621022199207275237
621022199207285237
621022199207295237
621022199207305237
621022199207315237
621022199208105237
621022199208115237
621022199208125237
621022199208135237
621022199208145237
621022199208155237
621022199208165237
621022199208175237
621022199208185237
621022199208195237
621022199208205237
621022199208215237
621022199208225237
621022199208235237
621022199208245237
621022199208255237
621022199208265237
621022199208275237
621022199208285237
621022199208295237
621022199208305237
621022199208315237
621022199209105237
621022199209115237
621022199209125237
621022199209135237
621022199209145237
621022199209155237
621022199209165237
621022199209175237
621022199209185237
621022199209195237
621022199209205237
621022199209215237
621022199209225237
621022199209235237
621022199209245237
621022199209255237
621022199209265237
621022199209275237
621022199209285237
621022199209295237
621022199209305237
621022199209315237
621022199010105237
621022199010115237
621022199010125237
621022199010135237
621022199010145237
621022199010155237
621022199010165237
621022199010175237
621022199010185237
621022199010195237
621022199010205237
621022199010215237
621022199010225237
621022199010235237
621022199010245237
621022199010255237
621022199010265237
621022199010275237
621022199010285237
621022199010295237
621022199010305237
621022199010315237
621022199011105237
621022199011115237
621022199011125237
621022199011135237
621022199011145237
621022199011155237
621022199011165237
621022199011175237
621022199011185237
621022199011195237
621022199011205237
621022199011215237
621022199011225237
621022199011235237
621022199011245237
621022199011255237
621022199011265237
621022199011275237
621022199011285237
621022199011295237
621022199011305237
621022199011315237
621022199012105237
621022199012115237
621022199012125237
621022199012135237
621022199012145237
621022199012155237
621022199012165237
621022199012175237
621022199012185237
621022199012195237
621022199012205237
621022199012215237
621022199012225237
621022199012235237
621022199012245237
621022199012255237
621022199012265237
621022199012275237
621022199012285237
621022199012295237
621022199012305237
621022199012315237
621022199110105237
621022199110115237
621022199110125237
621022199110135237
621022199110145237
621022199110155237
621022199110165237
621022199110175237
621022199110185237
621022199110195237
621022199110205237
621022199110215237
621022199110225237
621022199110235237
621022199110245237
621022199110255237
621022199110265237
621022199110275237
621022199110285237
621022199110295237
621022199110305237
621022199110315237
621022199111105237
621022199111115237
621022199111125237
621022199111135237
621022199111145237
621022199111155237
621022199111165237
621022199111175237
621022199111185237
621022199111195237
621022199111205237
621022199111215237
621022199111225237
621022199111235237
621022199111245237
621022199111255237
621022199111265237
621022199111275237
621022199111285237
621022199111295237
621022199111305237
621022199111315237
621022199112105237
621022199112115237
621022199112125237
621022199112135237
621022199112145237
621022199112155237
621022199112165237
621022199112175237
621022199112185237
621022199112195237
621022199112205237
621022199112215237
621022199112225237
621022199112235237
621022199112245237
621022199112255237
621022199112265237
621022199112275237
621022199112285237
621022199112295237
621022199112305237
621022199112315237
621022199210105237
621022199210115237
621022199210125237
621022199210135237
621022199210145237
621022199210155237
621022199210165237
621022199210175237
621022199210185237
621022199210195237
621022199210205237
621022199210215237
621022199210225237
621022199210235237
621022199210245237
621022199210255237
621022199210265237
621022199210275237
621022199210285237
621022199210295237
621022199210305237
621022199210315237
621022199211105237
621022199211115237
621022199211125237
621022199211135237
621022199211145237
621022199211155237
621022199211165237
621022199211175237
621022199211185237
621022199211195237
621022199211205237
621022199211215237
621022199211225237
621022199211235237
621022199211245237
621022199211255237
621022199211265237
621022199211275237
621022199211285237
621022199211295237
621022199211305237
621022199211315237
621022199212105237
621022199212115237
621022199212125237
621022199212135237
621022199212145237
621022199212155237
621022199212165237
621022199212175237
621022199212185237
621022199212195237
621022199212205237
621022199212215237
621022199212225237
621022199212235237
621022199212245237
621022199212255237
621022199212265237
621022199212275237
621022199212285237
621022199212295237
621022199212305237
621022199212315237
621022199010015237
621022199010025237
621022199010035237
621022199010045237
621022199010055237
621022199010065237
621022199010075237
621022199010085237
621022199010095237
621022199011015237
621022199011025237
621022199011035237
621022199011045237
621022199011055237
621022199011065237
621022199011075237
621022199011085237
621022199011095237
621022199012015237
621022199012025237
621022199012035237
621022199012045237
621022199012055237
621022199012065237
621022199012075237
621022199012085237
621022199012095237
621022199110015237
621022199110025237
621022199110035237
621022199110045237
621022199110055237
621022199110065237
621022199110075237
621022199110085237
621022199110095237
621022199111015237
621022199111025237
621022199111035237
621022199111045237
621022199111055237
621022199111065237
621022199111075237
621022199111085237
621022199111095237
621022199112015237
621022199112025237
621022199112035237
621022199112045237
621022199112055237
621022199112065237
621022199112075237
621022199112085237
621022199112095237
621022199210015237
621022199210025237
621022199210035237
621022199210045237
621022199210055237
621022199210065237
621022199210075237
621022199210085237
621022199210095237
621022199211015237
621022199211025237
621022199211035237
621022199211045237
621022199211055237
621022199211065237
621022199211075237
621022199211085237
621022199211095237
621022199212015237
621022199212025237
621022199212035237
621022199212045237
621022199212055237
621022199212065237
621022199212075237
621022199212085237
621022199212095237
